 111.21673583984375,
 14.448186874389648,
 16.15483856201172,
 5.360312461853027,
 5.7548322677612305,
 7.555631637573242,
 0.36655738949775696,
 0.6181037425994873,
 4.186656951904297,
 2.7220046520233154,
 3.160404682159424,
 0.701934278011322,
 1.9572622776031494,
 1.195243000984192,
 3.3019561767578125,
 1.441207766532898,
 2.3521034717559814,
 1.5837160348892212,
 2.8699867725372314,
 3.934887170791626,
 1.3383538722991943,
 0.9606315493583679,
 2.3579530715942383,
 3.674018144607544,
 2.503729820251465,
 6.163662910461426,
 3.4777228832244873,
 1.5296748876571655,
 2.0804927349090576,
 1.2811638116836548,
 1.3412107229232788,
 1.2998899221420288,
 1.1772314310073853,
 5.5122456550598145,
 3.104806900024414,
 2.089174509048462,
 1.1674731969833374,
 0.6072716116905212,
 1.596534013748169,
 4.011220455169678,
 1.4773452281951904,
 0.8980309367179871,
 1.3446615934371948,
 2.1614720821380615,
 1.2121890783309937,
 6.377427577972412,
 3.405740737915039,
 7.368060111999512,
 5.788656711578369,
 5.252111434936523,
 5.453038215637207,
 2.4015703201293945,
 1.8509691953659058,
 1.7569670677185059,
 0.8515433073043823,
 3.0004942417144775,
 2.136523723602295,
 2.3978054523468018,
 2.152484893798828,
 1.224704384803772,
 5.690273761749268,
 3.890364170074463,
 2.808198928833008,
 3.5813753604888916,
 4.322504997253418,
 4.825662612915039,
 2.1031389236450195,
 3.1997058391571045,
 1.7120283842086792,
 4.8097381591796875,
 4.579296588897705,
 7.4097442626953125,
 2.0777735710144043,
 2.350139856338501,
 3.2929112911224365,
 4.0615715980529785,
 1.4068025350570679,
 4.987866401672363,
 2.249232292175293,
 3.2552378177642822,
 7.873046398162842,
 9.347728729248047,
 10.966612815856934,
 27.59532356262207,
 9.201285362243652,
 4.727911949157715,
 2.082773447036743,
 2.8424794673919678,
 5.441781520843506,
 4.87378454208374,
 1.4754054546356201,
 3.608038902282715,
 5.786876201629639,
 1.8485876321792603,
 5.34240198135376,
 2.243025064468384,
 2.8752808570861816,
 6.1220269203186035,
 3.67931866645813,
 4.9841837882995605,
 2.0324151515960693,
 3.668570041656494,
 5.135221481323242,
 5.668406009674072,
 3.84708571434021,
 3.2187914848327637,
 3.1639373302459717,
 4.959865093231201,
 2.04207181930542,
 1.7399044036865234,
 2.875880241394043,
 0.8581555485725403,
 0.6203957796096802,
 0.7098501920700073,
 1.2928838729858398,
 0.9851449131965637,
 1.7055059671401978,
 1.405235767364502,
 3.1918578147888184,
 1.9805991649627686,
 3.3083608150482178,
 2.1242363452911377,
 3.4682981967926025,
 1.7007026672363281,
 2.3452236652374268,
 4.7225728034973145,
 0.6166723370552063,
 0.23730431497097015,
 1.3381458520889282,
 2.1116013526916504,
 5.042318820953369,
 3.56912899017334,
 6.149874210357666,
 2.458466053009033,
 2.426304817199707,
 2.06905198097229,
 0.8396642804145813,
 0.7204751968383789,
 2.653202533721924,
 1.7971930503845215,
 1.8193962574005127,
 2.8773562908172607,
 3.44120454788208,
 1.9222421646118164,
 1.6902650594711304,
 3.1846847534179688,
 4.0647711753845215,
 2.2010743618011475,
 3.6100757122039795,
 1.0947370529174805,
 5.011693000793457,
 2.158975839614868,
 2.6696183681488037,
 3.8104937076568604,
 4.608729362487793,
 4.106147289276123,
 2.2000632286071777,
 2.3914761543273926,
 3.1898417472839355,
 1.148913860321045,
 1.1421363353729248,
 2.066624402999878,
 1.668091058731079,
 0.14783653616905212,
 2.2783255577087402,
 3.3101818561553955,
 3.0018036365509033,
 1.766986608505249,
 5.019402027130127,
 3.310081958770752,
 2.085892915725708,
 0.906794011592865,
 1.4171168804168701,
 0.3543810248374939,
 1.4426900148391724,
 0.7991011142730713,
 4.197116374969482,
 0.6189374923706055,
 1.328155279159546,
 2.991068124771118,
 1.037784218788147,
 0.719466507434845,
 1.374403476715088,
 2.4700875282287598,
 0.5737572312355042,
 1.8458338975906372,
 1.2702611684799194,
 3.3611364364624023,
 3.9051241874694824,
 1.559000849723816,
 1.7323694229125977,
 2.5136661529541016,
 1.8448982238769531,
 0.6751384735107422,
 1.7138824462890625,
 1.2234838008880615,
 0.6322616338729858,
 1.1630338430404663,
 0.505587637424469,
 1.8150407075881958,
 4.171231269836426,
 1.4710534811019897,
 1.0040785074234009,
 1.8606624603271484,
 0.7737099528312683,
 2.3953664302825928,
 2.9962236881256104,
 1.7376916408538818,
 1.2271910905838013,
 3.691254138946533,
 1.7011759281158447,
 3.4571585655212402,
 3.6555991172790527,
 0.7960572242736816,
 0.928658664226532,
 0.8238400816917419,
 1.1013835668563843,
 1.6288481950759888,
 1.6086220741271973,
 2.2994041442871094,
 1.727436900138855,
 0.5253530144691467,
 1.6039987802505493,
 0.4892045557498932,
 1.6482502222061157,
 1.535563349723816,
 0.588327944278717,
 1.5939918756484985,
 2.340705156326294,
 1.5622056722640991,
 0.9692439436912537,
 2.518869400024414,
 2.171412944793701,
 1.6737544536590576,
 2.452033519744873,
 1.4216890335083008,
 2.472519636154175,
 1.586376428604126,
 3.8508284091949463,
 1.3339024782180786,
 1.846006989479065,
 1.3753937482833862,
 1.907746434211731,
 1.6891058683395386,
 1.6363263130187988,
 2.128398895263672,
 2.9101245403289795,
 1.9972634315490723,
 1.4554840326309204,
 0.772793173789978,
 0.9343437552452087,
 0.7737343907356262,
 1.5296282768249512,
 0.43852585554122925,
 2.01459002494812,
 1.0763461589813232,
 1.1438963413238525,
 2.3914120197296143,
 3.2731218338012695,
 1.7466970682144165,
 1.2044893503189087,
 0.9317915439605713,
 0.2604523003101349,
 2.396777629852295,
 1.5315353870391846,
 1.680210828781128,
 1.2298200130462646,
 0.5505228638648987,
 3.002272…01302576065063,
 0.7603890895843506,
 0.5830516815185547,
 0.6361797451972961,
 0.794903576374054,
 0.8770734667778015,
 0.6609043478965759,
 0.6479634046554565,
 0.7736786603927612,
 0.451936811208725,
 0.26537102460861206,
 0.5327984094619751,
 0.8986818790435791,
 0.6694362163543701,
 0.4788670837879181,
 0.8643038868904114,
 0.41435447335243225,
 0.5331341624259949,
 0.1373206079006195,
 0.4456135332584381,
 0.2984442710876465,
 0.3619087338447571,
 0.6597365140914917,
 0.2755178213119507,
 0.40241995453834534,
 0.3742423951625824,
 0.28818339109420776,
 0.3365282714366913,
 0.38645899295806885,
 1.0003875494003296,
 0.8849600553512573,
 0.34373676776885986,
 0.8233596086502075,
 0.6105549335479736,
 0.30866336822509766,
 0.6557474732398987,
 0.8139503598213196,
 0.5804027915000916,
 0.3652110993862152,
 0.7903064489364624,
 1.0065823793411255,
 0.6582936644554138,
 0.6751243472099304,
 0.7011938095092773,
 0.7038769721984863,
 0.29021456837654114,
 0.38427385687828064,
 1.0210051536560059,
 0.6985684633255005,
 0.12432866543531418,
 0.6798915863037109,
 0.7783771753311157,
 1.2265719175338745,
 0.4084492027759552,
 0.8150044679641724,
 0.8284299969673157,
 0.9232580661773682,
 0.19762255251407623,
 0.15177489817142487,
 1.140671968460083,
 1.2091467380523682,
 0.7557386159896851,
 0.41483640670776367,
 0.7634389996528625,
 0.5560449361801147,
 0.6231302618980408,
 0.7688629627227783,
 0.5624237656593323,
 0.7552312612533569,
 0.42844441533088684,
 0.17687636613845825,
 0.2284080684185028,
 0.10976933687925339,
 0.09807045757770538,
 0.23723475635051727,
 0.17326702177524567,
 1.0941035747528076,
 1.1126431226730347,
 0.8225703835487366,
 1.2881895303726196,
 1.9027607440948486,
 1.2215214967727661,
 0.8112244606018066,
 0.9682499170303345,
 0.7988210320472717,
 0.983357310295105,
 0.9687581658363342,
 1.046682357788086,
 1.106149435043335,
 0.604285717010498,
 0.3371073603630066,
 0.523343563079834,
 0.11426907032728195,
 0.8248669505119324,
 0.8396066427230835,
 1.5033634901046753,
 2.035013437271118,
 1.9156291484832764,
 0.9524356126785278,
 1.7665541172027588,
 1.7912287712097168,
 0.6024429798126221,
 1.536523699760437,
 2.0518789291381836,
 2.091635227203369,
 1.0215331315994263,
 1.3499938249588013,
 1.7896744012832642,
 0.9613090753555298,
 1.7220573425292969,
 0.6976982355117798,
 0.27610892057418823,
 0.37643733620643616,
 0.9660378098487854,
 1.8260889053344727,
 1.373775839805603,
 1.291184425354004,
 0.8265520930290222,
 0.736496090888977,
 0.8138461112976074,
 2.0885136127471924,
 3.3627564907073975,
 3.076986074447632,
 0.8288132548332214,
 0.5135712623596191,
 0.6077770590782166,
 1.2175215482711792,
 0.9074786305427551,
 0.5766377449035645,
 0.9222015142440796,
 0.574751079082489,
 0.7330448031425476,
 1.6640428304672241,
 1.7053130865097046,
 1.1727042198181152,
 0.37044140696525574,
 0.7295531630516052,
 0.7808113098144531,
 1.111271858215332,
 1.70932936668396,
 1.0359429121017456,
 0.3116566836833954,
 1.074763536453247,
 1.4206751585006714,
 2.1060869693756104,
 2.220764636993408,
 1.3714052438735962,
 0.5500457286834717,
 1.063183307647705,
 0.8562690615653992,
 0.20636385679244995,
 0.17997099459171295,
 0.4832569658756256,
 0.5935433506965637,
 0.5276409387588501,
 1.1602720022201538,
 2.660892963409424,
 2.7768092155456543,
 1.496463418006897,
 0.4591372609138489,
 0.8944392204284668,
 1.9868590831756592,
 1.888843297958374,
 1.355338215827942,
 2.0516364574432373,
 2.3439817428588867,
 1.2885253429412842,
 0.6884307861328125,
 1.1557563543319702,
 1.0618358850479126,
 0.5854220986366272,
 0.8108324408531189,
 0.6408133506774902,
 1.7001051902770996,
 0.31033197045326233,
 1.2302491664886475,
 0.9244799613952637,
 1.524278998374939,
 0.8245225548744202,
 0.6589887738227844,
 4.163520336151123,
 12.288800239562988,
 11.61041259765625,
 4.918702125549316,
 2.5157201290130615,
 2.2595086097717285,
 1.4352611303329468,
 1.0843333005905151,
 1.550157070159912,
 1.9395545721054077,
 0.5732029676437378,
 1.330320954322815,
 0.9325015544891357,
 0.9657455682754517,
 0.346761554479599,
 0.21908332407474518,
 0.9800038933753967,
 1.5359135866165161,
 1.0847665071487427,
 0.7094681262969971,
 0.47645896673202515,
 0.09648969769477844,
 0.9104561805725098,
 2.208205223083496,
 2.943864583969116,
 1.242214560508728,
 1.1773275136947632,
 0.7635927200317383,
 1.2303950786590576,
 1.1687097549438477,
 0.7085204720497131,
 0.6981328129768372,
 1.433252215385437,
 0.8864494562149048,
 1.8140239715576172,
 1.3246160745620728,
 3.1068317890167236,
 3.120960235595703,
 1.4995307922363281,
 2.411771535873413,
 1.9776939153671265,
 1.2308356761932373,
 0.8634781837463379,
 0.6276156306266785,
 1.0273061990737915,
 0.6780633330345154,
 0.2212822437286377,
 0.2677810788154602,
 0.37532857060432434,
 0.33584892749786377,
 0.0726766362786293,
 0.5972854495048523,
 0.9840306043624878,
 0.603223979473114,
 0.48582693934440613,
 0.07383798062801361,
 0.6883289217948914,
 1.024518370628357,
 1.7797274589538574,
 4.979621887207031,
 3.9365551471710205,
 1.6864566802978516,
 2.0099053382873535,
 1.3060137033462524,
 1.487191915512085,
 1.7287663221359253,
 0.9392622709274292,
 0.4307669401168823,
 0.7609547972679138,
 2.0024876594543457,
 1.3008623123168945,
 0.7104347348213196,
 1.2778717279434204,
 1.014133334159851,
 0.41250526905059814,
 1.015980839729309,
 0.38081827759742737,
 1.3958128690719604,
 1.666054129600525,
 0.9469447731971741,
 0.3549003303050995,
 0.3786013424396515,
 0.6815269589424133,
 1.258025050163269